Array1 element : 2 3
Input :
9 8 7
6 5 5

Output:
Array:
9 8 7
6 5 5

Array Transpose :
9 6
8 5
7 5

-------------------------------------------

Array1 element : 3 6
Input :
1 2 3 4 5 6
7 8 9 10 11 12
13 14 15 16 17 18

Output:
Array:
1 2 3 4 5 7
7 8 9 10 11 13
13 14 15 16 17 18

Array Transpose :
1 7 13
2 8 14
3 9 15
4 10 16
5 11 17
7 13 18
